430285042, 2, -498, 7877, -333, 167, 76
430295040, 19, -603, 7936, -301, 89, 161
430305044, -22, -727, 7867, -32, 2, 190
430315040, -77, -777, 7820, 141, -9, 132
430325043, -138, -772, 7901, -13, 65, -17
430335044, -101, -681, 8099, -752, 129, -157
430345041, 51, -662, 8254, -1555, 26, -173
430355044, 62, -609, 8135, -1472, -235, -148
430365040, 59, -555, 7770, -966, -446, -88
430375041, 22, -582, 7448, -757, -451, 11
430385040, -12, -689, 7263, -501, -305, 79
430395042, 39, -771, 7193, -127, -119, 105
430405041, 64, -864, 7315, 183, 95, 109
430415042, 33, -911, 7590, 517, 255, 58
430425043, -10, -882, 7783, 763, 293, -35
430435040, 3, -779, 7889, 612, 256, -100
430445040, 20, -698, 7949, 429, 179, -108
430455044, 7, -655, 7913, 482, 90, -87
430465044, -28, -626, 7884, 427, 30, -50
430475041, -51, -649, 7852, 294, -17, -33
430485042, -43, -651, 7799, 241, -63, -55
430495042, -2, -653, 7668, 196, -112, -58
430505044, -47, -646, 7544, 203, -108, -48
430515041, -84, -585, 7483, 256, -39, -59
430525043, -23, -545, 7465, 224, 71, -49
430535040, -21, -549, 7545, 232, 152, 2
430545044, 11, -565, 7684, 212, 187, 46
430555044, -23, -599, 7762, 210, 188, 68
430565043, -29, -630, 7820, 250, 152, 62
430575043, 27, -673, 7861, 143, 103, 82
430585043, -16, -723, 7858, 47, 43, 101
430595042, -133, -738, 7747, 103, -35, 47
430605044, -66, -666, 7576, 11, -11, -42
430615040, -11, -579, 7599, -188, 119, -69
430625042, -1, -523, 7759, 9, 192, -38
430635044, 3, -508, 7899, 256, 179, 20
430645040, -41, -548, 8027, 184, 131, 77
430655044, -41, -584, 8005, 85, 14, 95
430665042, -66, -598, 7877, -7, -89, 104
430675043, -67, -651, 7730, -191, -137, 106
430685043, 20, -686, 7559, -173, -134, 122
430695042, -29, -735, 7519, 107, -49, 115
430705041, -65, -745, 7541, 339, 44, 79
430715043, -48, -701, 7581, 321, 130, 43
430725042, -47, -679, 7670, 198, 167, 28
430735041, -55, -686, 7673, 197, 182, -5
430745040, 5, -656, 7735, 169, 237, -31
430755044, -19, -579, 7904, 175, 279, -43
430765043, -34, -529, 8040, 241, 249, -44
430775040, 32, -512, 8082, 108, 166, 10
430785040, 8, -600, 8073, -76, 48, 97
430795043, 15, -716, 7920, -42, -43, 132
430805041, -56, -741, 7770, 123, -80, 93
430815044, -51, -773, 7691, 199, -83, 39
430825042, -109, -770, 7653, 203, -31, -35
430835043, -89, -687, 7643, 251, 40, -142
430845041, -79, -566, 7713, 324, 107, -190
430855044, -127, -447, 7822, 293, 168, -214
430865043, -87, -354, 7973, 77, 167, -195
430875041, -48, -309, 8029, -90, 103, -118
430885044, -46, -326, 8007, -51, 11, -1
430895044, -90, -417, 7920, 18, -59, 112
430905041, -94, -536, 7828, -50, -83, 166
430915042, -78, -618, 7785, -147, -59, 176
430925044, -145, -646, 7817, -139, -40, 141
430935041, -90, -620, 7761, -112, -67, 81
430945043, -44, -606, 7686, -166, -64, 63
430955043, -63, -612, 7691, -263, -7, 81
430965044, -7, -603, 7758, -241, 27, 93
430975040, -24, -605, 7795, -57, 44, 105
430985044, -47, -605, 7876, 23, 41, 94
430995043, -22, -622, 7904, -88, -2, 95
431005044, -7, -684, 7878, -258, -43, 114
431015044, 17, -716, 7850, -308, -89, 79
431025042, 1, -728, 7761, -224, -116, 43
431035044, -7, -719, 7677, -188, -99, 19
431045040, -9, -703, 7646, -142, -63, 1
431055041, -23, -680, 7619, 1, -14, -15
431065043, 2, -639, 7645, 162, 27, -21
431075042, 12, -612, 7751, 206, 70, -4
431085040, 12, -691, 7900, 97, 30, 17
431095044, -1, -695, 7838, 49, -41, 9
431105042, -71, -712, 7728, -63, -89, -11
431115042, -17, -694, 7594, -138, -93, -45
431125043, -20, -683, 7585, -72, -21, -69
431135042, -65, -619, 7704, 53, 74, -71
431145044, -57, -540, 7826, 149, 110, -67
431155042, -21, -517, 7926, 189, 83, -36
431165040, -21, -582, 7916, 120, -9, 39
431175043, -5, -682, 7831, -35, -99, 92
431185043, -52, -777, 7670, -89, -146, 88
431195044, -126, -798, 7521, -62, -123, 15
431205040, -93, -714, 7460, -63, -41, -80
431215043, -43, -588, 7491, -46, 73, -99
431225040, -43, -534, 7603, 72, 165, -50
431235043, -30, -538, 7745, 183, 199, 15
431245043, -25, -589, 7834, 178, 210, 56
431255042, -17, -622, 7974, 167, 173, 62
431265041, -35, -622, 7926, 147, 76, 66
431275044, -50, -643, 7844, -4, 24, 75
431285042, -33, -615, 7845, -132, 38, 67
431295040, 15, -619, 7869, -71, 54, 66
431305044, -19, -655, 7852, 44, 29, 85
431315042, -28, -693, 7836, 44, 13, 96
431325041, -3, -752, 7815, 68, 4, 89
431335043, -33, -774, 7837, 78, 27, 36
431345043, -19, -745, 7867, 9, 11, -22
431355040, -51, -702, 7828, -81, -9, -60
431365044, -66, -643, 7814, -155, -11, -93
431375043, -20, -563, 7777, -110, -30, -95
431385043, -51, -578, 7728, -3, -43, -10
431395042, -57, -609, 7719, 88, -34, 58
431405040, -54, -579, 7720, 65, -22, 60
431415043, -22, -562, 7729, 14, -1, 54
431425041, 4, -488, 7805, 201, 3, 96
431435040, 8, -466, 7848, 471, -63, 208
431445043, -58, -585, 7759, 451, -111, 327
431455042, 11, -719, 7833, 198, -47, 342
431465043, -103, -846, 7868, 268, -76, 313
431475041, -121, -868, 7773, 207, -108, 163
431485044, -43, -809, 7752, -193, -44, -5
431495044, -83, -720, 7806, -383, 6, -108
431505044, -26, -582, 7768, -245, -5, -164
431515043, -59, -525, 7701, -157, 2, -140
431525040, -28, -552, 7703, -159, 43, -67
431535042, -25, -587, 7747, -180, 106, 2
431545041, -13, -684, 7909, -282, 144, 40
431555043, 18, -748, 7976, -392, 72, 24
431565042, -6, -740, 7895, -282, -17, -33
431575041, 46, -688, 7861, -166, -45, -80
431585043, -28, -634, 7935, -189, -29, -87
431595043, -45, -555, 7929, -253, -96, -57
431605044, 111, -597, 7747, -257, -167, 17
431615042, -39, -623, 7686, -149, -171, 90
431625043, -48, -646, 7626, -224, -156, 133
431635044, 19, -756, 7586, -354, -106, 168
431645044, -8, -849, 7554, -148, -78, 157
431655041, -3, -906, 7552, -102, -35, 112
431665043, 6, -958, 7577, -243, 27, 58
431675042, 33, -944, 7601, -109, 56, -27
431685043, -3, -854, 7632, 85, 101, -108
431695041, -35, -758, 7761, 132, 132, -134
431705040, 22, -649, 7860, 204, 127, -149
431715044, 20, -559, 7919, 238, 78, -109
431725044, -10, -545, 7892, 111, -8, -19
431735044, 19, -630, 7808, -133, -74, 64
431745042, 15, -715, 7713, -186, -129, 105
431755044, -35, -764, 7559, -105, -145, 118
431765042, -66, -788, 7509, -187, -71, 94
431775043, 37, -759, 7570, -230, 15, 49
431785043, -1, -736, 7687, -96, 65, 49
431795040, -6, -666, 7751, 1, 51, 38
431805043, 83, -660, 7707, -64, 4, 80
431815041, 43, -773, 7625, -65, -4, 136
431825044, 27, -887, 7515, 52, 18, 149
431835040, -26, -778, 7604, 161, 101, 115
431845040, -28, -708, 7518, 227, 100, 134
431855044, -122, -722, 7533, -23, 294, 27
431865042, 214, -591, 7976, 185, 430, -21
431875040, 17, -649, 8120, 636, 272, 151
431885042, -38, -678, 8254, 221, 152, 184
431895042, 69, -754, 8171, -174, -25, 179
431905041, 32, -872, 7918, -86, -185, 194
431915043, -80, -944, 7673, 56, -253, 182
431925041, -57, -991, 7480, -111, -206, 94
431935042, -15, -978, 7399, -174, -50, -26
431945044, 20, -843, 7550, 209, 105, -130
431955044, 4, -700, 7685, 525, 164, -144
431965044, -38, -627, 7807, 423, 155, -95
431975042, -39, -653, 7825, 219, 99, -36
431985044, -30, -686, 7802, 128, 65, -7
431995040, -34, -680, 7815, 34, 60, 1
432005044, -5, -675, 7883, -57, 44, 9
432015042, 1, -675, 7899, -38, -2, 32
432025043, -59, -712, 7831, 70, -61, 55
432035040, -38, -716, 7715, 49, -90, 63
432045043, -20, -746, 7594, -10, -75, 76
432055043, -58, -779, 7587, 49, -6, 60
432065041, -54, -762, 7621, 127, 76, 24
432075040, -27, -738, 7751, 95, 154, 6
432085043, -30, -733, 7856, 113, 155, 7
432095042, 17, -734, 7869, 108, 114, 25
432105043, 18, -776, 7895, 43, 82, 38
432115043, 16, -797, 7869, 119, 46, 7
432125044, -22, -776, 7846, 165, 22, -34
432135042, -117, -734, 7929, 47, 32, -89
432145041, -61, -623, 7908, -124, 4, -151
432155042, 16, -517, 7840, -163, -24, -127
432165043, 34, -488, 7822, -24, -45, -35
432175044, -36, -528, 7762, 121, -68, 87
432185043, -41, -623, 7702, 55, -64, 183
432195041, -62, -734, 7700, -4, -40, 231
432205044, 13, -838, 7678, 60, -23, 227
432215042, 41, -935, 7677, 96, 29, 175
432225043, -76, -954, 7768, 158, 51, 85
432235041, -43, -845, 7781, 106, 52, -32
432245040, 12, -690, 7857, -44, 57, -108
432255044, 35, -590, 7901, -49, 47, -92
432265043, 10, -512, 7921, -11, -6, 8
432275044, 6, -522, 7938, 28, -75, 113
432285043, 53, -606, 7940, 102, -143, 219
432295042, -52, -709, 7892, 22, -209, 279
432305041, -61, -766, 7829, -113, -259, 243
432315043, -54, -710, 7724, -45, -315, 192
432325040, -52, -690, 7672, -11, -298, 189
432335041, 17, -661, 7613, -119, -308, 231
432345043, -13, -698, 7512, -74, -312, 279
432355043, -20, -773, 7460, -140, -270, 294
432365041, -6, -833, 7425, -169, -196, 261
432375043, -44, -879, 7434, -165, -92, 204
432385040, -9, -852, 7523, -133, 20, 105
432395042, 44, -805, 7604, -1, 113, 40
432405040, 59, -769, 7715, 212, 183, 16
432415040, 80, -692, 7890, 297, 225, 14
432425041, 134, -667, 8016, 314, 182, 76
432435042, 128, -702, 8036, 268, 83, 167
432445044, 93, -823, 8093, 60, -54, 218
432455043, 160, -890, 7919, 67, -205, 217
432465042, 82, -975, 7828, -15, -210, 180
432475044, 54, -991, 7788, -19, -178, 67
432485043, 56, -863, 7708, 63, -182, -56
432495041, 92, -732, 7665, 17, -137, -130
432505040, 95, -622, 7666, -63, -84, -122
432515041, 24, -598, 7661, -34, -87, -51
432525041, -3, -621, 7566, -49, -82, 20
432535041, 66, -702, 7537, -153, 2, 67
432545040, 73, -764, 7627, -47, 92, 85
432555043, 73, -799, 7660, 256, 110, 89
432565040, 87, -841, 7706, 323, 144, 87
432575040, 35, -916, 7810, 202, 170, 68
432585040, 37, -924, 7935, 153, 164, -8
432595044, 58, -844, 8031, 102, 105, -83
432605044, 16, -774, 8051, -16, -9, -143
432615040, -23, -666, 7922, -208, -136, -181
432625044, 52, -563, 7666, -368, -203, -152
432635044, 56, -550, 7558, -300, -159, -75
432645040, 31, -542, 7522, -69, -95, 8
432655041, 41, -619, 7524, -64, -21, 113
432665044, 24, -758, 7562, -115, 81, 161
432675044, 78, -878, 7639, 30, 145, 144
432685041, 33, -938, 7730, 90, 178, 86
432695042, 21, -916, 7830, -9, 192, -5
432705043, 85, -840, 7954, -24, 163, -90
432715040, 65, -766, 8008, -15, 106, -124
432725044, 72, -705, 7977, -123, 16, -116
432735043, 76, -681, 7967, -336, -31, -86
432745044, 69, -709, 7987, -484, -112, -45
432755044, 62, -704, 7782, -455, -208, -7
432765040, 93, -667, 7682, -292, -214, 14
432775042, 19, -634, 7640, 2, -205, 76
432785041, 49, -644, 7542, 144, -149, 135
432795041, 33, -703, 7658, 7, -21, 179
432805040, 60, -787, 7767, -72, -2, 224
432815042, 39, -944, 7697, -197, -49, 256
432825044, 69, -1081, 7652, -311, -37, 214
432835042, 74, -1148, 7600, -92, -11, 115
432845040, 68, -1079, 7650, 101, 69, -20
432855040, 82, -935, 7833, 27, 125, -122
432865040, 53, -818, 7980, 30, 63, -154
432875044, 28, -731, 7976, -166, -48, -128
432885040, 67, -698, 7881, -484, -145, -74
432895040, 107, -730, 7714, -392, -225, -3
432905043, 78, -826, 7566, -180, -219, 66
432915041, 61, -924, 7575, -118, -133, 81
432925040, 69, -894, 7653, -10, -62, 26
432935042, 103, -816, 7760, -76, -77, -25
432945043, 136, -822, 7792, -207, -92, 1
432955044, 72, -870, 7798, -124, -126, 20
432965043, 65, -765, 7757, -7, -117, -51
432975044, 229, -748, 7767, -139, -93, 1
432985043, 148, -856, 7856, -93, -106, 118
432995041, 130, -966, 7777, 107, -212, 133
433005041, 110, -1045, 7589, -19, -242, 85
433015043, 78, -1011, 7464, -172, -165, -15
433025041, 134, -926, 7478, -123, -43, -104
433035043, 137, -865, 7542, 11, 71, -121
433045043, 149, -851, 7621, 201, 138, -107
433055043, 169, -835, 7738, 331, 178, -81
433065042, 111, -831, 7910, 357, 193, -56
433075042, 135, -807, 7989, 353, 130, -43
433085042, 111, -813, 7949, 238, 46, -10
433095042, 106, -867, 7988, -33, 9, 6
433105042, 139, -882, 7962, -78, -75, 3
433115044, 130, -880, 7816, -40, -169, -24
433125040, 146, -869, 7675, -236, -189, -30
433135040, 148, -867, 7573, -286, -176, -26
433145042, 99, -895, 7470, -79, -142, -5
433155044, 82, -902, 7439, -15, -30, -1
433165044, 64, -911, 7568, -63, 119, -41
433175042, 91, -848, 7715, 65, 195, -91
433185040, 98, -774, 7830, 163, 197, -83
433195043, 118, -730, 7919, 153, 141, -32
433205044, 123, -723, 7918, 188, 48, 27
433215044, 69, -791, 7882, 99, -27, 81
433225044, 71, -828, 7825, -106, -69, 84
433235040, 102, -839, 7751, -285, -80, 59
433245043, 94, -850, 7714, -412, -93, 76
433255040, 112, -871, 7612, -311, -94, 96
433265044, 155, -881, 7624, -138, -29, 95
433275043, 147, -905, 7679, 6, 26, 113
433285044, 198, -984, 7693, 123, 49, 146
433295043, 184, -1080, 7759, 143, 59, 153
433305040, 154, -1158, 7826, 44, 47, 90
433315044, 139, -1154, 7803, -94, -4, -27
433325041, 162, -1084, 7709, -146, -8, -132
433335043, 135, -953, 7780, -64, 29, -196
433345042, 151, -819, 7848, 101, 19, -204
433355041, 183, -751, 7878, 71, -18, -147
433365043, 145, -766, 7936, -106, -72, -61
433375044, 125, -836, 7834, -199, -183, 19
433385044, 139, -932, 7648, -313, -262, 62
433395042, 76, -1018, 7491, -360, -239, 56
433405041, 85, -1046, 7413, -221, -138, -5
433415043, 107, -982, 7578, -42, 15, -99
433425044, 125, -844, 7732, 51, 71, -168
433435044, 145, -721, 7753, -5, 57, -136
433445042, 163, -717, 7771, -139, 34, -42
433455041, 140, -802, 7747, -152, -10, 65
433465044, 114, -871, 7770, -36, -1, 89
433475041, 124, -870, 7864, -74, 3, 79
433485044, 114, -912, 7888, -118, -46, 92
433495042, 129, -888, 7814, -144, -110, 78
433505042, 167, -873, 7679, -397, -171, 91
433515044, 195, -954, 7520, -591, -172, 136
433525043, 197, -1031, 7502, -481, -81, 160
433535040, 231, -1066, 7570, -157, 9, 142
433545040, 174, -1069, 7661, 150, 59, 113
433555040, 199, -1071, 7749, 137, 123, 62
433565042, 252, -1077, 7958, -153, 167, 23
433575042, 199, -1060, 8112, -165, 62, 6
433585042, 183, -1014, 7980, -54, -129, -9
433595043, 245, -1022, 7780, -209, -232, 15
433605042, 209, -1117, 7623, -190, -219, 31
433615043, 160, -1125, 7560, 117, -171, -19
433625042, 146, -1045, 7595, 115, -78, -89
433635041, 133, -951, 7682, -82, -39, -131
433645044, 174, -914, 7643, -161, -84, -106
433655044, 210, -944, 7577, -188, -112, -43
433665044, 152, -1014, 7552, -181, -85, 11
433675041, 134, -1055, 7566, -144, -39, 11
433685040, 173, -1061, 7588, -26, 33, -21
433695044, 208, -1010, 7724, 214, 81, -45
433705044, 168, -967, 7851, 355, 66, -38
433715042, 179, -920, 7924, 147, 3, -22
433725041, 144, -934, 7953, -308, -79, -3
433735042, 118, -980, 7812, -580, -186, 16
433745042, 185, -1039, 7590, -577, -242, 26
433755040, 177, -1058, 7483, -417, -213, 29
433765043, 199, -1069, 7500, -222, -154, 19
433775044, 215, -1042, 7510, -110, -107, 32
433785043, 187, -1045, 7589, 5, -69, 70
433795041, 166, -1086, 7670, 127, -51, 76
433805042, 181, -1087, 7667, 67, -47, 43
433815042, 271, -1097, 7680, -52, -27, 11
433825042, 244, -1099, 7756, -1, -20, -9
433835042, 235, -1054, 7768, 74, -79, -30
433845043, 203, -1039, 7717, -54, -136, -24
433855043, 215, -1019, 7677, -192, -148, -13
433865040, 197, -992, 7661, -394, -169, 24
433875044, 184, -997, 7617, -522, -236, 93
433885044, 255, -1083, 7442, -528, -282, 145
433895040, 271, -1268, 7289, -513, -215, 174
433905043, 290, -1424, 7283, -226, -46, 101
433915040, 298, -1454, 7551, 55, 172, -34
433925040, 302, -1347, 8081, 167, 307, -183
433935040, 223, -1168, 8493, 296, 214, -315
433945040, 387, -1055, 8652, 190, -63, -320
433955043, 311, -986, 8706, 71, -424, -253
433965041, 73, -948, 8531, -202, -805, -178
433975043, 182, -861, 8134, -315, -1188, -78
433985044, 588, -983, 7441, -154, -1346, 13
433995043, 317, -1104, 7577, -139, -1047, 11
434005041, 241, -1163, 7638, 594, -1086, 4
434015041, 295, -1194, 7574, 295, -1115, -37
434025043, 403, -1214, 7782, -780, -1050, -94
434035043, 356, -1264, 7877, -1015, -1153, -140
434045043, 310, -1182, 7934, -732, -1361, -208
434055044, 431, -1061, 7857, -732, -1595, -136
434065041, 791, -1177, 7745, -682, -1679, -86
434075042, 558, -1251, 7910, -305, -1568, -139
434085043, 530, -1192, 8129, 222, -1647, -170
434095040, 649, -1156, 8080, 451, -1911, -157
434105043, 611, -1278, 8091, 56, -2081, -140
434115041, 629, -1360, 7990, -453, -2260, -213
434125043, 735, -1330, 7635, -976, -2419, -305
434135043, 788, -1297, 7567, -1338, -2410, -357
434145041, 771, -1239, 7541, -1091, -2435, -408
434155044, 926, -1108, 7460, -619, -2404, -457
434165041, 1134, -887, 7664, 362, -2303, -414
434175044, 1082, -1005, 7501, 1025, -2513, -184
434185041, 1094, -1294, 7646, -449, -2300, -17
434195041, 1146, -1373, 7894, -1410, -2052, -85
434205044, 1315, -1274, 8083, 8, -2242, -247
434215041, 1211, -1184, 7813, 563, -2640, -269
434225040, 1316, -1237, 7760, -1030, -2621, -173
434235044, 1479, -1235, 7699, -1731, -2476, -149
434245043, 1504, -1323, 7410, -164, -2856, -88
434255043, 1485, -1455, 7196, -431, -2906, -31
434265043, 1440, -1506, 7827, -2158, -2561, -101
434275041, 1675, -1336, 8250, -1968, -2531, -236
434285040, 1580, -1400, 7910, -98, -3354, -225
434295042, 1694, -1588, 7417, -1373, -3671, -146
434305042, 1877, -1800, 7066, -2770, -3580, -174
434315045, 1954, -1881, 6743, -1745, -3399, -389
434325043, 2180, -1651, 7109, 290, -3026, -704
434335044, 2032, -1551, 7018, 1905, -3249, -784
434345045, 2098, -1592, 7159, 108, -3071, -797
434355042, 2091, -1498, 7423, -1210, -2949, -862
434365041, 2193, -1241, 7348, -472, -3150, -906
434375044, 2289, -965, 7142, 484, -3286, -817
434385041, 2300, -664, 7030, 1632, -3407, -527
434395043, 2746, -846, 6432, 1822, -3545, -106
434405041, 2566, -1377, 6796, -248, -2956, 147
434415043, 2511, -1672, 7282, -712, -2725, 33
434425042, 2784, -1644, 7699, 131, -2860, -230
434435044, 2749, -1375, 7798, 788, -3147, -417
434445041, 2912, -1152, 7782, 2862, -3645, -476
434455041, 2855, -1164, 7199, 3019, -4294, -305
434465044, 3018, -1319, 7139, -389, -4157, -156
434475042, 2978, -1513, 7458, -2257, -4139, -140
434485041, 3010, -1727, 7243, -2154, -4526, -296
434495045, 3154, -1733, 6718, -1585, -4831, -557
434505042, 3118, -1618, 6131, -946, -4968, -738
434515040, 3271, -1547, 5623, -950, -4826, -842
434525041, 3403, -1425, 5480, -1757, -4388, -920
434535040, 3529, -1239, 5550, -1995, -3973, -949
434545040, 3704, -998, 5820, -1317, -3685, -893
434555043, 3757, -813, 6134, -424, -3541, -681
434565043, 3835, -948, 6134, 379, -3545, -366
434575040, 4043, -1431, 5835, 504, -3442, -143
434585043, 4005, -1803, 5984, -1, -3040, -185
434595044, 3773, -1915, 6202, 502, -2977, -440
434605042, 3891, -1797, 6501, 574, -3078, -745
434615043, 3926, -1516, 6660, -226, -3284, -966
434625042, 4194, -1256, 6441, -129, -3678, -1096
434635040, 4230, -1111, 6262, 967, -4113, -1068
434645042, 4150, -1074, 6000, 1335, -4420, -958
434655043, 4427, -1095, 5467, 836, -4518, -858
434665041, 4717, -1188, 5274, 322, -4327, -745
434675043, 4603, -1223, 5425, 567, -4144, -652
434685043, 4550, -1095, 5754, 941, -3987, -651
434695040, 4653, -976, 5953, 1584, -4092, -632
434705043, 4847, -1152, 5918, 911, -4301, -532
434715040, 4813, -1425, 5700, -949, -4394, -444
434725044, 4831, -1585, 5238, -1438, -4558, -545
434735042, 5067, -1516, 4769, -793, -4594, -782
434745041, 5170, -1434, 4588, -623, -4376, -942
434755040, 5104, -1315, 4501, -906, -4117, -1010
434765043, 5195, -1173, 4663, -1232, -3848, -1022
434775042, 5122, -1316, 4965, -1583, -3772, -1037
434785042, 5548, -1132, 4417, -667, -4111, -1204
434795040, 5579, -944, 4271, -644, -3860, -1188
434805044, 5275, -941, 4035, -271, -3626, -1120
434815041, 5363, -805, 3535, 562, -3352, -1104
434825044, 5512, -636, 3157, 1082, -2899, -978
434835042, 5448, -588, 2986, 2178, -2428, -722
434845040, 5216, -587, 2792, 3596, -1896, -514
434855042, 5445, -542, 3094, 3484, -1076, -400
434865044, 5488, -541, 4039, 1648, -345, -204
434875041, 5355, -627, 4637, 820, -220, -24
434885040, 5596, -733, 4651, 1264, -372, -2
434895043, 5697, -821, 4682, 1075, -392, -53
434905041, 5758, -857, 4661, 259, -362, -116
434915043, 5766, -755, 4591, -68, -383, -164
434925043, 5790, -574, 4563, 215, -449, -149
434935040, 5899, -492, 4441, 554, -466, -43
434945043, 5902, -523, 4416, 692, -383, 106
434955044, 5964, -665, 4370, 920, -308, 224
434965044, 5855, -805, 4365, 916, -228, 312
434975043, 5713, -854, 4361, 741, -179, 327
434985043, 5747, -833, 4346, 724, -153, 297
434995042, 5783, -926, 4201, 673, -142, 325
435005043, 5867, -1001, 4285, 403, 4, 285
435015040, 5910, -1027, 4424, 214, 125, 174
435025043, 5923, -912, 4622, 363, 137, 47
435035043, 5883, -760, 4757, 272, 88, -8
435045042, 5979, -748, 4586, -29, 0, 44
435055041, 6030, -816, 4251, 32, -34, 115
435065042, 5949, -856, 4038, 299, 63, 142
435075043, 5907, -817, 3961, 765, 253, 134
435085040, 5737, -743, 4147, 1192, 419, 141
435095042, 5661, -759, 4227, 1066, 510, 195
435105043, 5689, -794, 4140, 918, 577, 251
435115043, 5684, -903, 4054, 875, 681, 264
435125043, 5734, -1031, 3950, 729, 860, 208
435135040, 5886, -1020, 3956, 902, 1116, 61
435145043, 5773, -886, 4266, 1209, 1383, -91
435155041, 5708, -777, 4585, 917, 1548, -171
435165040, 5773, -693, 4760, 373, 1596, -177
435175044, 5719, -646, 4764, 84, 1575, -138
435185044, 5679, -678, 4696, -70, 1574, -102
435195043, 5837, -683, 4973, -96, 1575, -95
435205042, 5700, -667, 5185, 463, 1388, -61
435215042, 5637, -649, 5154, 744, 1232, -69
435225043, 5607, -576, 5348, 165, 1169, -82
435235041, 5566, -594, 5384, -121, 931, -37
435245044, 5466, -571, 5185, 88, 664, -55
435255044, 5414, -491, 4905, -98, 530, -39
435265044, 5542, -439, 4564, -335, 536, 33
435275043, 5498, -311, 4457, -88, 679, 123
435285044, 5406, -266, 4428, 306, 828, 284
435295044, 5516, -362, 4507, 375, 1033, 486
435305041, 5459, -523, 4928, 182, 1222, 646
435315043, 5329, -753, 5143, 214, 1189, 690
435325040, 5247, -936, 4990, 251, 1047, 616
435335040, 5359, -934, 4559, 173, 1033, 466
435345041, 5293, -841, 4473, 136, 1243, 342
435355042, 5407, -673, 4357, 266, 1483, 291
435365040, 5617, -571, 4698, 204, 1826, 343
435375042, 5363, -599, 5527, 613, 1956, 402
435385044, 5143, -751, 5972, 810, 1682, 438
435395040, 5198, -887, 5811, 141, 1266, 434
435405040, 5234, -942, 5387, -681, 978, 389
435415044, 5137, -812, 4988, -984, 891, 305
435425044, 5121, -662, 4460, -892, 981, 299
435435044, 5267, -474, 4272, -905, 1338, 426
435445044, 5232, -459, 4524, -591, 1743, 666
435455043, 5110, -683, 4702, 158, 1989, 870
435465044, 5103, -1013, 4761, 516, 2199, 961
435475040, 5046, -1227, 5103, 623, 2429, 871
435485042, 4802, -1357, 5588, 574, 2470, 639
435495043, 4833, -1545, 5468, -94, 2317, 394
435505044, 4820, -1533, 5191, -811, 2310, 79
435515043, 4761, -1272, 4994, -675, 2443, -224
435525044, 4911, -866, 4845, -598, 2703, -315
435535041, 5006, -525, 5131, -887, 3072, -171
435545044, 4863, -408, 5701, -678, 3297, 71
435555044, 4829, -542, 6124, -286, 3256, 295
435565043, 4799, -774, 6323, -222, 3082, 495
435575042, 4627, -1048, 6564, -407, 2846, 575
435585041, 4480, -1318, 6581, -451, 2469, 473
435595040, 4526, -1413, 6340, -450, 2093, 237
435605040, 4552, -1193, 6124, -684, 1903, 3
435615044, 4563, -966, 6032, -1193, 1854, -101
435625042, 4557, -718, 6357, -1427, 1840, -94
435635043, 4359, -655, 6627, -970, 1622, 5
435645044, 4298, -775, 6295, -777, 1275, 156
435655042, 4353, -1028, 5857, -1197, 1155, 257
435665042, 4364, -1225, 5827, -1233, 1229, 260
435675041, 4317, -1250, 5965, -706, 1256, 176
435685042, 4233, -1240, 5922, -359, 1204, 138
435695040, 4259, -1249, 5921, -354, 1196, 90
435705044, 4215, -1323, 5789, -95, 1192, 8
435715043, 4183, -1398, 5407, 205, 1271, -107
435725043, 4024, -1180, 5134, 169, 1558, -189
435735043, 4213, -869, 5018, 644, 1930, -155
435745043, 4141, -693, 5419, 910, 2482, -100
435755041, 3922, -730, 5914, 354, 2792, 134
435765043, 3660, -948, 6158, -81, 2773, 379
435775042, 3760, -984, 6281, -105, 2579, 517
435785043, 3853, -1243, 6123, 284, 2368, 576
435795040, 3764, -1452, 6136, 460, 2386, 435
435805043, 3819, -1470, 6156, 426, 2459, 240
435815043, 3851, -1383, 6401, 520, 2544, 55
435825044, 3716, -1301, 6714, 561, 2515, -87
435835043, 3669, -1123, 6984, 365, 2308, -130
435845043, 3674, -946, 7200, 89, 2011, -82
435855043, 3571, -985, 7209, 79, 1605, -8
435865044, 3666, -1145, 6896, 253, 1208, 23
435875040, 3614, -1259, 6712, 240, 1058, -61
435885044, 3555, -1166, 6587, 88, 995, -151
435895043, 3621, -1108, 6334, -172, 991, -179
435905042, 3628, -1052, 6162, -333, 1151, -194
435915044, 3491, -985, 6197, -339, 1395, -183
435925043, 3523, -911, 6315, -410, 1600, -95
435935043, 3484, -878, 6580, -896, 1710, 115
435945043, 3278, -1000, 6713, -1189, 1655, 313
435955042, 3228, -1215, 6478, -1220, 1496, 388
435965043, 3221, -1422, 6104, -1318, 1484, 363
435975043, 3159, -1541, 5900, -1168, 1699, 220
435985043, 3147, -1410, 5995, -514, 1977, 10
435995042, 3177, -1147, 6265, 225, 2155, -93
436005042, 3190, -997, 6516, 697, 2228, -15
436015042, 3211, -937, 6901, 810, 2290, 119
436025044, 3153, -1041, 7291, 615, 2189, 273
436035041, 3068, -1249, 7472, 302, 1910, 373
436045043, 2995, -1432, 7416, -112, 1558, 354
436055043, 3015, -1611, 7015, -414, 1274, 238
436065042, 2972, -1620, 6702, -460, 1263, -1
436075043, 2971, -1354, 6572, -197, 1406, -243
436085042, 2993, -1078, 6482, 31, 1588, -305
436095042, 3000, -883, 6582, -100, 1836, -216
436105040, 2794, -857, 6947, -145, 1994, -60
436115042, 2818, -1056, 7027, 113, 1892, 103
436125043, 2772, -1255, 7073, 179, 1784, 202
436135043, 2711, -1321, 7117, 180, 1730, 169
436145044, 2746, -1282, 7052, 270, 1691, 76
436155042, 2710, -1181, 7106, 294, 1708, 3
436165044, 2667, -1063, 7301, 363, 1699, -19
436175043, 2708, -1055, 7275, 470, 1593, 36
436185044, 2725, -1263, 7041, 498, 1502, 123
436195043, 2608, -1462, 6801, 412, 1586, 92
436205040, 2494, -1468, 6780, 429, 1788, -92
436215043, 2433, -1266, 6677, 686, 1910, -236
436225043, 2415, -1006, 6651, 841, 2073, -258
436235042, 2245, -814, 6873, 763, 2257, -151
436245041, 2329, -838, 6859, 614, 2358, 32
436255043, 2344, -1075, 6905, 572, 2537, 140
436265044, 2159, -1244, 7239, 865, 2703, 130
436275040, 2086, -1279, 7410, 1231, 2651, 52
436285043, 2093, -1276, 7294, 1271, 2520, -24
436295041, 2059, -1282, 7232, 1148, 2449, -95
436305040, 1913, -1302, 7050, 1244, 2452, -201
436315044, 1759, -1236, 7009, 1040, 2639, -377
436325044, 1900, -1126, 7195, 577, 2890, -573
436335044, 1695, -1057, 7400, 299, 3034, -674
436345043, 1583, -1020, 7452, 219, 2995, -772
436355043, 1713, -899, 7521, 583, 2913, -829
436365042, 1744, -712, 7598, 932, 2765, -751
436375041, 1460, -670, 7713, 627, 2636, -573
436385041, 1450, -707, 7674, 419, 2473, -441
436395041, 1537, -845, 7545, 673, 2365, -312
436405042, 1400, -1077, 7521, 751, 2380, -276
436415040, 1328, -1225, 7548, 465, 2437, -392
436425043, 1328, -1244, 7433, 53, 2438, -550
436435043, 1210, -1117, 7359, -145, 2491, -743
436445041, 1256, -845, 7434, -40, 2567, -875
436455044, 1228, -590, 7635, 67, 2611, -843
436465044, 1161, -461, 7808, 256, 2541, -680
436475043, 1120, -443, 7829, 765, 2374, -464
436485042, 1099, -459, 7894, 1135, 2254, -287
436495040, 1026, -549, 8044, 1060, 2163, -139
436505040, 896, -708, 8178, 877, 1971, -45
436515040, 789, -786, 8189, 795, 1687, -62
436525041, 806, -719, 8009, 721, 1375, -103
436535044, 854, -737, 7639, 587, 1159, -103
436545043, 824, -787, 7349, 474, 1182, -138
436555043, 792, -778, 7224, 539, 1362, -189
436565043, 776, -753, 7227, 695, 1546, -201
436575043, 767, -766, 7341, 661, 1705, -193
436585043, 692, -878, 7387, 496, 1812, -195
436595043, 622, -1050, 7481, 261, 1967, -306
436605041, 486, -1044, 7754, -137, 2179, -555
436615043, 449, -790, 7919, -546, 2275, -795
436625041, 382, -429, 7942, -1109, 2235, -870
436635044, 392, -193, 8080, -697, 1734, -594
436645042, 458, -146, 8124, 65, 1321, -261
436655043, 355, -409, 8085, 102, 1011, 122
436665044, 357, -705, 8117, -113, 804, 329
436675044, 337, -932, 8071, -31, 539, 373
436685044, 270, -986, 7948, -61, 308, 308
436695044, 368, -919, 7794, -284, 217, 213
436705044, 408, -928, 7703, -180, 213, 143
436715043, 349, -958, 7653, 123, 256, 51
436725043, 380, -920, 7721, 284, 325, -65
436735043, 480, -924, 7847, 391, 339, -115
436745044, 395, -980, 7933, 459, 262, -129
436755040, 305, -1016, 7881, 296, 117, -186
436765044, 290, -1010, 7696, 49, -31, -292
436775043, 215, -878, 7514, -100, -79, -391
436785043, 230, -600, 7367, -203, -29, -442
436795044, 329, -383, 7250, -125, 79, -362
436805043, 266, -332, 7299, 181, 245, -186
436815044, 286, -356, 7400, 434, 393, 13
436825042, 323, -482, 7552, 424, 483, 206
436835043, 277, -684, 7601, 138, 534, 342
436845040, 308, -871, 7618, -139, 590, 368
436855040, 300, -1029, 7699, -71, 679, 292
436865040, 237, -1120, 7839, 14, 761, 139
436875043, 169, -1085, 8049, 31, 781, -65
436885044, 132, -956, 8182, 34, 683, -261
436895043, 150, -794, 8250, 21, 509, -371
436905043, 127, -688, 8240, -58, 306, -371
436915041, 176, -668, 8110, -78, 115, -366
436925040, 192, -639, 8017, 28, 1, -355
436935044, 131, -643, 7962, 19, -71, -322
436945044, 105, -624, 7807, -148, -135, -301
436955044, 170, -571, 7647, -235, -178, -252
436965044, 162, -518, 7549, -138, -165, -149
436975044, 171, -528, 7489, 67, -101, -23
436985043, 148, -619, 7477, 172, -3, 68
436995043, 148, -725, 7534, 193, 124, 84
437005040, 119, -765, 7672, 157, 214, 67
437015040, 134, -750, 7756, 100, 255, 16
437025040, 177, -732, 7800, -20, 267, -18
437035043, 199, -754, 7885, 42, 278, -30
437045043, 213, -790, 7968, 246, 266, -33
437055043, 194, -859, 8053, 338, 191, -56
437065043, 198, -897, 8064, 254, 58, -111
437075043, 125, -842, 7933, 100, -102, -180
437085041, 20, -726, 7676, -88, -191, -229
437095042, 16, -591, 7444, -300, -130, -285
437105044, 251, -561, 7383, -272, 53, -248
437115043, 233, -714, 7534, 153, 200, -101
437125044, 159, -900, 7693, 488, 213, -45
437135044, 191, -1024, 7734, 400, 177, -84
437145044, 146, -1036, 7737, 310, 107, -181
437155044, 159, -906, 7754, 364, 76, -299
437165043, 150, -693, 7810, 583, 78, -368
437175044, 44, -513, 7780, 728, 79, -360
437185044, 129, -419, 7797, 389, 79, -297
437195043, 257, -495, 7819, 274, 73, -205
437205043, 52, -545, 7778, 513, -10, -98
437215040, 34, -541, 7674, 459, -72, -60
437225043, 155, -522, 7563, 216, -46, -42
437235042, 22, -538, 7624, 99, 72, -32
437245042, 176, -582, 7847, -106, 173, -69
437255040, 176, -678, 7960, -246, 130, -40
437265043, 124, -721, 7931, -216, -2, -32
437275044, 198, -675, 7801, -240, -86, -62
437285042, 206, -641, 7777, -201, -80, -76
437295040, 139, -629, 7706, 26, -87, -58
437305044, 76, -628, 7693, 218, -55, -33
437315041, 100, -667, 7714, 274, -2, -33
437325044, 163, -705, 7727, 261, 52, -63
437335043, 162, -638, 7775, 326, 73, -102
437345044, 233, -587, 7794, 372, 72, -105
437355043, 179, -571, 7882, 383, 63, -65
437365043, 164, -574, 7939, 307, 0, -33
437375042, 201, -579, 7967, 138, -78, 2
437385041, 180, -623, 7908, 103, -155, 39
437395040, 149, -691, 7805, 115, -224, 40
437405041, 92, -698, 7694, 71, -215, -21
437415044, 93, -581, 7672, 25, -162, -101
437425043, 148, -457, 7687, -38, -125, -100
437435044, 108, -438, 7698, 17, -104, -10
437445042, 121, -532, 7681, 46, -80, 67
437455040, 181, -669, 7710, -85, -48, 94
437465044, 200, -760, 7726, -84, -35, 68
437475042, 215, -764, 7718, 25, -51, 31
437485042, 207, -717, 7728, 85, -50, -12
437495044, 227, -645, 7763, 104, -37, -34
437505042, 183, -554, 7852, 193, -46, -25
437515040, 193, -524, 7859, 224, -68, 3
437525044, 210, -606, 7912, 144, -88, 44
437535044, 185, -686, 7952, 111, -128, 63
437545040, 157, -689, 7851, 99, -197, 48
437555044, 163, -700, 7729, -51, -231, 0
437565041, 227, -713, 7605, -282, -214, -59
437575043, 219, -672, 7429, -269, -173, -101
437585043, 158, -575, 7412, -47, -65, -126
437595040, 179, -423, 7582, 181, 95, -127
437605041, 209, -306, 7767, 422, 160, -19
437615041, 149, -292, 7873, 609, 83, 166
437625042, 195, -530, 7833, 381, 18, 277
437635043, 275, -821, 7852, -81, -29, 305
437645041, 274, -1017, 7734, -43, -120, 223
437655044, 202, -979, 7635, 53, -142, 51
437665043, 121, -823, 7669, -96, -27, -133
437675044, 177, -556, 7787, -225, 67, -267
437685043, 204, -357, 7877, -341, 49, -253
437695040, 253, -260, 7904, -354, -56, -106
437705043, 292, -344, 7793, -253, -183, 109
437715040, 269, -567, 7592, -88, -256, 270
437725040, 232, -831, 7439, 106, -221, 309
437735044, 248, -954, 7432, 298, -119, 243
437745044, 261, -964, 7432, 362, 9, 109
437755044, 162, -890, 7604, 135, 163, -68
437765044, 225, -680, 7685, -19, 229, -229
437775043, 328, -472, 7747, -12, 264, -264
437785043, 329, -374, 7888, 195, 259, -162
437795043, 270, -383, 8001, 387, 198, -24
437805042, 289, -492, 8049, 363, 94, 94
437815042, 260, -647, 8064, 287, -15, 161
437825043, 203, -739, 7987, 180, -134, 131
437835044, 200, -739, 7820, -90, -229, 34
437845043, 220, -627, 7644, -313, -227, -76
437855044, 193, -454, 7485, -244, -145, -118
437865040, 198, -345, 7431, -74, -42, -61
437875040, 264, -388, 7479, 69, 73, 79
437885042, 243, -543, 7593, 234, 139, 218
437895043, 228, -702, 7742, 331, 153, 264
437905040, 248, -805, 7868, 264, 143, 235
437915041, 196, -826, 8026, 85, 100, 138
437925042, 206, -746, 8014, -43, 16, 2
437935041, 262, -663, 7874, -144, -68, -65
437945044, 199, -604, 7703, -201, -121, -79
437955040, 215, -522, 7545, -147, -111, -82
437965042, 199, -469, 7495, -69, -20, -35
437975043, 212, -414, 7576, 7, 71, 36
437985043, 236, -467, 7687, 63, 112, 151
437995044, 203, -600, 7820, 165, 126, 235
438005042, 231, -684, 7944, 177, 109, 215
438015044, 249, -727, 8003, 30, 38, 165
438025040, 211, -738, 7933, -87, -76, 136
438035043, 158, -727, 7795, -162, -134, 88
438045041, 176, -652, 7741, -252, -101, 3
438055043, 219, -545, 7715, -274, -41, -35
438065041, 313, -478, 7781, -342, 11, 15
438075041, 298, -502, 7910, -344, -17, 118
438085040, 241, -544, 7960, -356, -96, 194
438095043, 245, -625, 7912, -392, -183, 234
438105040, 177, -722, 7780, -347, -260, 231
438115043, 184, -755, 7593, -381, -290, 204
438125042, 269, -740, 7479, -470, -228, 181
438135040, 264, -740, 7486, -415, -119, 138
438145044, 266, -746, 7512, -276, -16, 112
438155041, 273, -767, 7635, -256, 62, 120
438165041, 259, -830, 7731, -214, 56, 128
438175040, 274, -838, 7723, -35, 21, 106
438185045, 268, -827, 7734, 23, -5, 74
438195043, 244, -826, 7734, -28, -29, 56
438205042, 248, -752, 7739, -126, -39, 37
438215044, 259, -701, 7810, -281, -41, 37
438225042, 200, -720, 7912, -552, -70, 41
438235044, 245, -738, 7822, -796, -176, 48
438245044, 259, -761, 7664, -831, -267, 56
438255042, 227, -756, 7504, -700, -243, 49
438265041, 248, -694, 7478, -485, -140, 35
438275044, 260, -679, 7563, -400, -23, 89
438285042, 331, -741, 7694, -505, 40, 152
438295040, 338, -823, 7786, -526, 5, 200
438305040, 313, -901, 7818, -468, -52, 230
438315044, 314, -980, 7806, -401, -104, 217
438325043, 332, -1038, 7744, -322, -122, 173
438335040, 346, -1029, 7696, -313, -68, 105
438345043, 326, -1042, 7919, -588, 21, 48
438355042, 327, -1016, 8065, -810, -55, -8
438365040, 318, -926, 8036, -1012, -219, -45
438375040, 355, -852, 7823, -1102, -374, -47
438385042, 327, -849, 7628, -1099, -430, 6
438395040, 269, -929, 7591, -1170, -365, 41
438405043, 303, -1000, 7674, -1301, -245, 30
438415040, 359, -1084, 7863, -1494, -160, 5
438425043, 345, -1083, 8059, -1672, -194, -33
438435043, 387, -1039, 8189, -1817, -349, -55
438445040, 423, -1014, 8174, -2025, -568, -18
438455040, 371, -1039, 7933, -2258, -807, 73
438465043, 319, -1162, 7509, -2180, -956, 145
438475040, 382, -1419, 7021, -2039, -901, 158
438485043, 438, -1506, 6964, -1783, -455, 101
438495041, 464, -1460, 7109, -1456, -207, 13
438505044, 412, -1426, 7348, -1649, -6, -4
438515040, 384, -1361, 7561, -2032, 71, 19
438525044, 448, -1268, 7754, -2272, 44, 49
438535044, 560, -1305, 7772, -2342, -91, 166
438545042, 492, -1431, 7639, -2172, -223, 288
438555044, 497, -1633, 7452, -2070, -275, 340
438565043, 434, -1895, 7276, -2121, -183, 342
438575044, 355, -2080, 7336, -2201, 45, 242
438585044, 481, -2164, 7581, -2489, 270, 41
438595043, 580, -2150, 7869, -3148, 345, -150
438605041, 533, -2055, 7913, -3481, 217, -256
438615043, 565, -1954, 7761, -3336, 99, -291
438625042, 494, -1854, 7668, -3226, 89, -263
438635044, 560, -1898, 7671, -3287, 125, -146
438645042, 566, -1993, 7739, -3368, 116, -33
438655043, 477, -2157, 7546, -3199, -40, 54
438665042, 488, -2332, 7246, -2989, -144, 98
438675040, 469, -2487, 7155, -3075, -81, 110
438685043, 498, -2619, 7411, -3675, 25, 147
438695043, 400, -2871, 7409, -4807, -72, 97
438705042, 338, -2932, 7281, -5076, -52, -180
438715042, 408, -2692, 7246, -4590, -13, -355
438725043, 564, -2601, 7251, -4642, 37, -293
438735041, 447, -2625, 7252, -4708, 48, -146
438745044, 483, -2696, 7174, -4551, 3, -17
438755042, 472, -2801, 6994, -4213, -17, 80
438765044, 518, -2940, 6923, -3690, 46, 172
438775043, 542, -3109, 6923, -3489, 111, 283
438785043, 542, -3345, 6896, -3516, 103, 364
438795043, 506, -3632, 6894, -3611, 38, 324
438805043, 387, -3699, 7076, -3609, 8, 148
438815043, 332, -3558, 7418, -3790, -7, -61
438825044, 439, -3412, 7515, -4175, -139, -187
438835043, 449, -3238, 7328, -4181, -350, -195
438845044, 461, -3141, 7069, -3994, -500, -61
438855044, 610, -3301, 6813, -3954, -569, 176
438865043, 628, -3636, 6590, -3874, -611, 399
438875044, 498, -3982, 6283, -3545, -636, 484
438885042, 595, -4275, 6242, -3669, -476, 470
438895043, 558, -4580, 6422, -4404, -242, 365
438905042, 427, -4761, 6594, -5377, -59, 126
438915040, 412, -4642, 6768, -5976, -3, -219
438925041, 479, -4294, 6840, -5757, -134, -458
438935041, 647, -4015, 6782, -5322, -292, -428
438945041, 655, -4061, 6592, -5236, -456, -211
438955041, 578, -4322, 6126, -4963, -640, 17
438965044, 689, -4606, 5814, -5045, -608, 150
438975042, 752, -4874, 5640, -5166, -527, 219
438985041, 673, -5076, 5544, -5023, -409, 194
438995043, 545, -5107, 5546, -4866, -282, 65
439005040, 593, -5062, 5580, -4681, -139, -12
439015040, 707, -5076, 5672, -4838, 41, -16
439025043, 678, -5081, 5673, -4646, 193, 31
439035043, 628, -5157, 5733, -4349, 349, 122
439045044, 583, -5310, 5921, -4073, 464, 183
439055043, 651, -5464, 6086, -4041, 446, 205
439065041, 628, -5616, 5939, -4238, 276, 196
439075040, 695, -5778, 5792, -4712, 137, 117
439085040, 688, -5860, 5613, -4894, -76, -37
439095041, 486, -5831, 5142, -4861, -301, -271
439105042, 415, -5604, 4762, -5241, -253, -508
439115042, 554, -5183, 4579, -5407, -40, -560
439125042, 682, -4915, 4632, -5262, 186, -298
439135044, 717, -4980, 4751, -5003, 322, 152
439145044, 707, -5157, 4873, -4581, 360, 654
439155043, 561, -5588, 4809, -3969, 336, 1028
439165043, 477, -6011, 4832, -3054, 326, 1170
439175041, 547, -6207, 4721, -2425, 288, 1141
439185040, 566, -6316, 4551, -2523, 286, 1057
439195043, 515, -6456, 4574, -2815, 325, 970
439205043, 583, -6636, 4734, -3115, 326, 832
439215042, 521, -6655, 4836, -3127, 226, 628
439225043, 547, -6530, 4722, -2698, 111, 461
439235042, 446, -6512, 4593, -2240, 117, 427
439245041, 472, -6549, 4596, -2002, 204, 392
439255040, 496, -6598, 4754, -2496, 269, 365
439265040, 444, -6615, 4749, -2958, 165, 302
439275040, 501, -6547, 4493, -2631, -8, 231
439285043, 504, -6486, 4153, -2061, -33, 209
439295040, 462, -6515, 4059, -1415, 126, 265
439305044, 312, -6588, 4319, -1265, 329, 318
439315043, 495, -6673, 4579, -1564, 416, 275
439325043, 569, -6669, 4526, -1440, 281, 211
439335042, 504, -6580, 4334, -550, 126, 193
439345043, 403, -6486, 4162, 430, 85, 228
439355043, 360, -6651, 4339, 400, 270, 324
439365044, 529, -6819, 4833, -229, 352, 311
439375043, 431, -6860, 4750, 138, 63, 227
439385040, 452, -6778, 4451, 539, -147, 142
439395040, 502, -6699, 4209, 700, -194, 102
439405040, 482, -6521, 3952, 1383, -164, 89
439415043, 391, -6304, 3820, 2283, -24, 169
439425043, 408, -6291, 3960, 2846, 217, 324
439435043, 353, -6439, 4321, 2953, 421, 450
439445041, 335, -6496, 4562, 3020, 390, 431
439455043, 378, -6352, 4492, 3114, 223, 338
439465044, 378, -6238, 4401, 3111, 188, 330
439475044, 446, -6185, 4474, 3224, 249, 372
439485040, 342, -6117, 4494, 3806, 291, 444
439495040, 281, -6160, 4742, 4084, 438, 535
439505042, 380, -6224, 5009, 3979, 500, 531
439515043, 377, -6108, 5091, 4349, 372, 479
439525040, 332, -5894, 5072, 4906, 221, 477
439535040, 237, -5695, 4882, 5196, 115, 550
439545041, 90, -5673, 4588, 5363, 133, 694
439555042, -35, -5925, 4679, 4809, 391, 809
439565043, 25, -6156, 4948, 3519, 642, 679
439575044, 127, -6109, 5147, 2821, 721, 375
439585041, 99, -5860, 5209, 3185, 658, 115
439595042, 138, -5503, 5070, 3553, 600, -1
439605042, 231, -5346, 4945, 3422, 699, 74
439615043, 214, -5330, 5099, 3499, 882, 219
439625043, 104, -5261, 5444, 4131, 1008, 340
439635043, 120, -5299, 5785, 4542, 1047, 456
439645040, 91, -5489, 6132, 4362, 987, 556
439655041, 71, -5756, 6401, 3931, 819, 534
439665042, 84, -5872, 6601, 3448, 640, 364
439675044, 124, -5879, 6617, 2978, 377, 148
439685042, 87, -5883, 6649, 2303, 99, -32
439695041, -72, -5803, 6736, 1285, -130, -275
439705043, -53, -5491, 6682, 80, -351, -600
439715043, 75, -5058, 6300, -468, -565, -791
439725044, 119, -4708, 5871, 53, -679, -717
439735042, 151, -4585, 5477, 757, -593, -472
439745042, 143, -4733, 5277, 1298, -337, -181
439755044, 121, -4893, 5382, 1934, -36, 1
439765044, 97, -5004, 5675, 2288, 188, 86
439775040, 55, -5080, 5961, 2387, 289, 79
439785041, 57, -4968, 6133, 2535, 240, 16
439795042, 15, -4810, 6319, 2640, 123, 3
439805044, 30, -4703, 6394, 2453, -55, 34
439815044, 64, -4691, 6273, 2237, -189, 110
439825044, 39, -4701, 6073, 2272, -215, 181
439835043, 59, -4694, 5923, 2518, -176, 221
439845042, 95, -4687, 5910, 2787, -59, 265
439855042, 36, -4600, 5978, 3132, 82, 307
439865043, 19, -4515, 6135, 3581, 235, 345
439875040, 65, -4564, 6398, 3612, 378, 401
439885044, 92, -4658, 6569, 3530, 410, 400
439895043, 95, -4710, 6603, 3720, 358, 367
439905040, 39, -4761, 6559, 3685, 289, 285
439915040, -69, -4651, 6472, 3408, 222, 131
439925041, -53, -4330, 6377, 3311, 160, -26
439935043, -8, -3982, 6416, 3349, 178, -44
439945043, -36, -3841, 6567, 3219, 262, 93
439955043, -8, -3941, 6744, 2928, 313, 260
439965043, 51, -4085, 6789, 2955, 270, 339
439975044, 43, -4120, 6779, 3234, 240, 352
439985042, 3, -4161, 6852, 3295, 265, 336
439995044, -12, -4087, 6883, 3425, 219, 253
440005044, 77, -3994, 6926, 3562, 183, 198
440015040, 47, -4046, 7024, 3354, 133, 185
440025041, -65, -4070, 7027, 3132, 25, 83
440035040, -76, -3898, 6976, 3009, -64, -79
440045043, 12, -3615, 6903, 2820, -117, -173
440055041, 31, -3445, 6878, 2701, -130, -149
440065044, 37, -3381, 7072, 2632, -117, -38
440075042, -41, -3336, 7272, 2569, -182, 69
440085044, -66, -3354, 7403, 2293, -284, 123
440095041, -40, -3369, 7315, 1949, -374, 130
440105043, 2, -3429, 7175, 1789, -395, 118
440115043, -15, -3469, 6960, 1831, -372, 77
440125043, -20, -3374, 6786, 1977, -290, 2
440135040, 42, -3193, 6724, 2196, -165, -39
440145043, 61, -3038, 6852, 2569, -27, 37
440155042, 22, -3043, 7137, 2828, 70, 168
440165044, -72, -3128, 7334, 2744, 79, 224
440175040, -110, -3136, 7340, 2573, -18, 176
440185043, -85, -3100, 7241, 2296, -112, 91
440195040, -59, -2976, 7015, 2154, -137, 3
440205043, -15, -2754, 6903, 2319, -55, -36
440215043, 53, -2525, 6869, 2728, 111, 60
440225040, 81, -2457, 6979, 3185, 302, 275
440235043, -5, -2611, 7243, 3453, 462, 496
440245044, 9, -2856, 7516, 3445, 472, 573
440255043, 23, -3006, 7642, 3449, 351, 494
440265040, -18, -2945, 7654, 3368, 208, 353
440275044, -71, -2853, 7609, 3020, 59, 210
440285044, -196, -2621, 7336, 2758, -70, 48
440295043, -43, -2232, 7068, 2757, -78, -19
440305040, 114, -1998, 6886, 3062, 54, 109
440315041, 68, -2053, 7058, 3404, 321, 340
440325043, -87, -2545, 7643, 3155, 603, 397
440335042, -72, -2533, 7728, 3121, 550, 192
440345043, -47, -2326, 7783, 2869, 454, 41
440355043, -141, -2090, 7778, 2595, 328, -20
440365041, -176, -1945, 7753, 2379, 202, -51
440375042, -108, -1801, 7640, 2252, 77, -61
440385043, -32, -1702, 7560, 2268, -4, -13
440395040, -62, -1724, 7470, 2529, -39, 90
440405044, -128, -1839, 7386, 2733, 2, 149
440415044, -207, -1940, 7307, 2610, 81, 95
440425044, -213, -1883, 7321, 2382, 221, -68
440435041, -245, -1621, 7392, 2183, 354, -213
440445044, -123, -1424, 7469, 2093, 386, -206
440455040, -100, -1397, 7458, 2258, 345, -81
440465043, -186, -1443, 7425, 2578, 342, 13
440475043, -283, -1496, 7515, 2705, 441, 22
440485043, -342, -1460, 7730, 2408, 584, -76
440495040, -259, -1401, 7953, 1882, 658, -192
440505042, -213, -1312, 8053, 1555, 617, -243
440515043, -199, -1247, 8067, 1418, 513, -260
440525042, -208, -1227, 8063, 1396, 393, -268
440535040, -351, -1147, 7991, 1463, 279, -296
440545043, -303, -952, 7993, 1256, 204, -297
440555040, -290, -819, 8072, 845, 172, -198
440565043, -359, -775, 8163, 728, 107, -96
440575040, -165, -730, 8085, 806, -18, 31
440585044, -227, -897, 8022, 482, -18, 229
440595043, -268, -1152, 8083, 244, -4, 327
440605042, -267, -1280, 8065, 300, -76, 299
440615043, -233, -1337, 7918, 133, -162, 234
440625040, -213, -1361, 7744, -137, -171, 131
440635040, -171, -1356, 7654, -223, -136, 33
440645042, -166, -1239, 7622, -117, -70, -48
440655042, -143, -1150, 7743, -22, 4, -56
440665043, -149, -1136, 7924, -123, 10, -9
440675040, -152, -1195, 7915, -230, -113, 75
440685041, -163, -1332, 7778, -208, -246, 123
440695042, -178, -1426, 7617, -121, -283, 98
440705043, -162, -1422, 7518, 21, -258, 12
440715042, -213, -1369, 7517, 39, -171, -66
440725044, -201, -1283, 7552, 15, -90, -138
440735040, -234, -1198, 7579, 61, -27, -203
440745041, -214, -1151, 7583, 87, 22, -212
440755044, -252, -1087, 7635, 160, 72, -202
440765043, -215, -1045, 7656, 273, 108, -168
440775041, -192, -1091, 7716, 338, 137, -109
440785044, -178, -1189, 7775, 370, 150, -59
440795042, -239, -1277, 7836, 298, 134, -55
440805044, -205, -1289, 7817, 120, 68, -107
440815042, -190, -1304, 7747, -96, 14, -151
440825043, -192, -1249, 7698, -147, 20, -219
440835040, -201, -1102, 7746, -52, 29, -242
440845042, -164, -972, 7846, 89, -4, -177
440855043, -116, -971, 7876, 171, -92, -33
440865043, -176, -1087, 7852, 231, -207, 92
440875040, -263, -1201, 7646, 238, -290, 130
440885043, -289, -1269, 7514, 133, -250, 71
440895041, -231, -1221, 7490, -62, -132, -36
440905041, -218, -1135, 7546, -142, -34, -82
440915044, -212, -1016, 7592, -31, 0, -76
440925040, -231, -966, 7607, 49, 10, -30
440935042, -169, -1005, 7591, 11, 31, 45
440945043, -164, -1094, 7588, 60, 52, 117
440955043, -204, -1147, 7605, 177, 80, 156
440965043, -190, -1192, 7646, 197, 116, 157
440975043, -173, -1223, 7725, 237, 159, 138
440985042, -260, -1172, 7886, 284, 177, 90
440995041, -225, -1091, 7948, 143, 134, 43
441005042, -140, -1037, 7934, -115, 48, 49
441015040, -146, -1074, 7844, -184, -72, 109
441025042, -168, -1105, 7654, -144, -165, 157
441035042, -162, -1165, 7466, -234, -169, 195
441045043, -162, -1252, 7357, -184, -92, 191
441055042, -136, -1301, 7365, -3, 69, 133
441065041, -146, -1281, 7542, 107, 246, 58
441075041, -102, -1202, 7805, 212, 326, 16
441085043, -93, -1139, 8005, 353, 305, 30
441095042, -131, -1119, 8199, 288, 204, 67
441105043, -119, -1157, 8181, 105, 17, 113
441115043, -161, -1233, 8046, -23, -144, 119
441125044, -190, -1253, 7873, -212, -244, 68
441135041, -135, -1203, 7690, -310, -289, 17
441145043, -187, -1142, 7494, -220, -249, -7
441155041, -183, -1119, 7383, -50, -120, -2
441165044, -193, -1157, 7446, 133, 2, 46
441175043, -192, -1166, 7485, 355, 48, 82
441185043, -146, -1192, 7503, 368, 104, 91
441195044, -160, -1253, 7627, 280, 190, 80
441205040, -187, -1277, 7741, 291, 214, 44
441215040, -172, -1210, 7814, 286, 178, -29
441225043, -142, -1100, 7924, 201, 159, -60
441235044, -195, -1002, 8052, 226, 104, -34
441245043, -229, -924, 8116, 252, -6, 30
441255041, -148, -938, 8123, 77, -145, 122
441265044, -133, -1118, 7922, 36, -339, 195
441275042, -176, -1261, 7585, 115, -468, 201
441285040, -236, -1307, 7334, 6, -429, 148
441295042, -190, -1236, 7218, -61, -288, 87
441305043, -210, -1097, 7273, 11, -111, 61
441315043, -194, -993, 7425, 211, 7, 84
441325043, -161, -957, 7586, 386, 73, 161
441335042, -181, -964, 7751, 478, 80, 272
441345042, -169, -861, 7889, 399, 12, 355
441355040, -122, -850, 7855, 50, -115, 527
441365044, -121, -1003, 7821, 72, -229, 664
441375043, -204, -1030, 7676, 256, -357, 765
441385041, -193, -1052, 7564, 155, -361, 811
441395043, -129, -982, 7466, 131, -277, 853
441405040, -135, -926, 7419, 114, -201, 984
441415042, -142, -895, 7400, 128, -139, 1124
441425040, -137, -903, 7510, 389, -19, 1224
441435043, -287, -789, 7738, 771, 82, 1291
441445044, -69, -657, 8073, 954, -2, 1428
441455041, -89, -759, 7972, 954, -236, 1703
441465043, -201, -932, 7972, 591, -314, 1942
441475044, -159, -1004, 7885, 706, -516, 2064
441485043, -171, -1086, 7709, 846, -580, 2091
441495041, -183, -1195, 7641, 495, -498, 2136
441505044, -304, -1285, 7565, 213, -457, 2076
441515041, -294, -1210, 7558, 354, -455, 1883
441525043, -201, -882, 7519, 751, -487, 1763
441535040, -64, -590, 7663, 976, -474, 1835
441545043, -11, -499, 7876, 1291, -462, 2029
441555042, -117, -578, 8082, 1590, -476, 2232
441565040, -173, -635, 8210, 1692, -534, 2334
441575042, -193, -591, 8340, 1236, -596, 2386
441585044, -232, -415, 8452, 403, -784, 2479
441595042, 104, -132, 8374, -105, -1151, 2783
441605040, 262, -75, 8285, 45, -1494, 3365
441615040, -47, -237, 8193, 488, -1737, 3903
441625043, -49, -556, 7952, 490, -1850, 4154
441635040, -144, -696, 7873, 582, -1881, 4136
441645043, -32, -463, 7813, 1151, -1973, 4155
441655044, 159, -502, 7877, 1261, -1932, 4310
441665044, 118, -781, 7827, 723, -1923, 4442
441675044, 289, -970, 7600, 39, -1829, 4467
441685044, 303, -1159, 7593, -524, -1499, 4431
441695041, 275, -1454, 7652, -571, -1230, 4333
441705043, 89, -1719, 7771, -482, -1078, 4085
441715044, -26, -1656, 7681, -770, -1081, 3673
441725040, 231, -1215, 7376, -1541, -1001, 3337
441735041, 400, -714, 7155, -2178, -735, 3336
441745044, 498, -609, 7132, -2183, -417, 3620
441755041, 294, -816, 7311, -1622, -171, 3865
441765043, 294, -1133, 7459, -1081, -41, 3975
441775044, 237, -1522, 7430, -695, 77, 3958
441785043, 251, -1925, 7417, -493, 256, 3717
441795043, 93, -1891, 7586, -401, 475, 3263
441805043, 11, -1368, 7589, -347, 505, 2902
441815042, 180, -790, 7380, -362, 457, 2917
441825042, 185, -715, 6955, -183, 473, 3308
441835042, -38, -689, 6685, 451, 734, 3559
441845043, 187, -505, 6873, 1036, 1138, 3809
441855044, 347, -839, 7395, 1514, 1474, 4295
441865042, -38, -1435, 7858, 1833, 1541, 4619
441875040, -313, -1619, 8107, 1437, 1493, 4450
441885043, -209, -1147, 8220, 439, 1354, 4201
441895042, 161, -981, 8047, -48, 1134, 4354
441905042, -98, -1262, 7805, 394, 970, 4610
441915043, -266, -1267, 7928, 946, 994, 4469
441925043, -210, -1078, 8197, 1135, 980, 4262
441935040, -411, -809, 8266, 1306, 779, 4198
441945043, -417, -208, 8105, 1350, 459, 4300
441955042, -330, -129, 7817, 1094, 233, 4771
441965042, 203, -383, 7671, 1353, 177, 5226
441975043, 1100, -701, 7487, 1714, 692, 5605
441985043, -2808, -17, 8939, -44, 1198, 6088
441995040, 47, -975, 8679, -223, 167, 6375
442005044, -673, -1641, 7780, 1718, -488, 6457
442015041, -860, -1872, 7274, 1595, -469, 6206
442025043, -649, -1925, 6998, 1413, -296, 5770
442035041, -681, -1599, 6536, 2033, -124, 5258
442045044, -405, -1082, 6551, 2466, 319, 4936
442055044, 32, -1410, 6617, 2920, 727, 4978
442065043, 1637, -1902, 6315, 3454, 1726, 4571
442075043, -4181, 171, 8692, 1807, 2817, 4320
442085040, -137, -214, 8044, 607, 1485, 4784
442095040, -690, -458, 7622, 1877, 1012, 5153
442105040, -726, -1107, 7452, 2022, 1044, 5300
442115043, -789, -1935, 7765, 1820, 1211, 5081
442125042, -1147, -2302, 7435, 2041, 1001, 4512
442135043, -719, -1879, 7202, 1116, 1105, 3585
442145043, -426, -1479, 7544, 1150, 1365, 3059
442155043, -906, -1220, 7707, 2116, 1440, 2711
442165043, -1073, -247, 8155, 1606, 1506, 2337
442175040, -725, 62, 7937, 963, 1105, 2273
442185042, -859, -75, 7625, 966, 994, 2538
442195042, -930, -494, 7394, 824, 1047, 2724
442205043, -1076, -839, 7454, 1023, 1240, 2667
442215043, -1115, -795, 7789, 1225, 1401, 2351
442225042, -693, -665, 8179, 1452, 1407, 2144
442235040, -851, -572, 8833, 1807, 1355, 2068
442245044, -1102, -446, 9343, 1450, 1069, 1908
442255042, -1077, -356, 9378, 332, 517, 1784
442265042, -1088, -125, 9028, -604, -47, 1674
442275043, -1100, 20, 8390, -1163, -473, 1736
442285042, -1504, 92, 7784, -1658, -672, 1925
442295044, -1405, 396, 7137, -2155, -699, 2063
442305042, -1090, 260, 6605, -2229, -475, 2465
442315043, -1368, -33, 6361, -1456, -24, 2727
442325044, -965, -230, 6612, -667, 575, 2894
442335042, -1077, -976, 7366, -84, 1055, 3129
442345041, -1279, -1605, 8037, 205, 1214, 2805
442355044, -1175, -1435, 8565, -395, 1136, 1999
442365044, -900, -789, 8934, -1103, 835, 1181
442375040, -1036, 76, 9009, -1289, 370, 800
442385040, -1002, 538, 8612, -1758, -62, 977
442395043, -1052, 392, 8095, -2286, -293, 1406
442405042, -1104, -345, 7605, -1937, -373, 1794
442415041, -1071, -1352, 7176, -1180, -289, 1849
442425040, -1486, -1797, 7085, -492, -52, 1417
442435040, -1336, -1390, 7251, -472, 212, 773
442445044, -1197, -1059, 7646, -578, 389, 635
442455042, -1629, -679, 8157, -649, 444, 536
442465041, -1457, -119, 8273, -1290, 200, 435
442475043, -1225, -613, 7840, -1198, -148, 847
442485044, -1440, -1741, 7461, -410, -199, 1038
442495043, -1580, -2797, 7374, 14, -55, 655
442505043, -1655, -2879, 7563, 276, 143, -333
442515041, -1334, -2124, 7934, 446, 258, -1252
442525044, -1333, -1613, 8492, 486, 255, -1514
442535042, -1455, -889, 8980, 133, 24, -1671
442545044, -1219, -344, 9055, -493, -435, -1553
442555040, -1374, -200, 8442, -757, -917, -1298
442565043, -1254, -54, 7734, -1048, -1079, -1221
442575041, -1126, -308, 7162, -922, -987, -947
442585041, -1270, -885, 6830, -369, -683, -713
442595044, -1129, -1351, 7001, -82, -261, -844
442605043, -1141, -1649, 7355, -113, 6, -1211
442615043, -1078, -1578, 7544, -150, 83, -1671
442625044, -885, -1676, 7659, -213, 93, -1936
442635040, -1048, -2135, 7594, -70, 96, -2251
442645042, -1599, -1084, 7824, -91, 208, -3243
442655042, -1025, 1089, 8301, -932, 260, -3660
442665044, -607, 1347, 8552, -1202, 72, -2425
442675042, -977, 208, 8397, -259, -238, -1087
442685043, -1011, -1197, 8138, 125, -393, -594
442695043, -956, -2559, 7981, 80, -463, -790
442705040, -1104, -3554, 7638, 409, -521, -1572
442715044, -1499, -3461, 7545, 135, -350, -2990
442725042, -1349, -1954, 7934, -785, -132, -4486
442735043, -807, -672, 8170, -1057, -190, -4946
442745042, -934, -540, 8076, -461, -351, -4533
442755042, -1239, -671, 8006, 29, -411, -4409
442765043, -1034, -954, 7803, 113, -491, -4505
442775043, -941, -1540, 7327, 658, -515, -4650
442785043, -970, -1635, 7124, 1296, -313, -4941
442795041, -975, -1360, 7461, 1305, -53, -4925
442805042, -976, -1366, 7934, 813, 71, -4808
442815040, -1275, -1103, 8156, 249, -78, -4954
442825042, -825, -959, 7922, -287, -331, -4953
442835040, -886, -1592, 7508, -252, -423, -4772
442845041, -1862, -1501, 7238, 265, -190, -5563
442855044, -1382, -347, 7343, 575, 244, -6821
442865043, -358, 58, 7478, 1471, 547, -6917
442875043, -602, -315, 7687, 2718, 660, -6247
442885043, -878, -789, 8026, 2814, 603, -5755
442895040, -608, -1265, 8133, 1888, 388, -5522
442905043, -971, -1971, 8079, 947, 188, -5378
442915044, -1720, -1788, 7943, 385, 53, -6044
442925043, -1342, -511, 7927, -441, 89, -6962
442935043, -1111, 744, 8114, -1031, 161, -7029
442945042, -973, 1261, 8268, -1143, 34, -6236
442955043, -607, 981, 8279, -852, -234, -5243
442965043, -480, 100, 8069, 45, -524, -4431
442975044, -763, -879, 7586, 988, -731, -4036
442985041, -1006, -1336, 7219, 892, -625, -4185
442995041, -689, -1631, 6993, 320, -330, -4494
443005043, -864, -1679, 7063, 418, 63, -4878
443015040, -1099, -1031, 7454, 883, 285, -5296
443025042, -727, -75, 7584, 1111, 191, -5350
443035044, -607, 723, 7719, 1289, 157, -4934
443045044, -589, 920, 7571, 1686, 14, -4100
443055043, -524, 534, 7396, 1888, 24, -3268
443065044, -485, 123, 7472, 2190, 149, -2681
443075043, -353, -490, 7639, 2506, 251, -2236
443085043, -731, -1078, 7903, 2719, 389, -2196
443095044, -994, -1180, 7975, 2569, 436, -2660
443105043, -769, -1147, 7913, 1808, 473, -3235
443115040, -594, -1128, 7810, 906, 509, -3626
443125043, -578, -955, 7967, 268, 493, -3819
443135040, -716, -851, 8109, 182, 222, -3866
443145042, -870, -656, 7951, 484, -173, -3970
443155043, -889, -376, 7584, 317, -348, -4072
443165044, -931, 79, 7469, -225, -261, -4145
443175041, -613, 623, 7566, -385, -106, -3990
443185043, -377, 686, 7617, -109, 12, -3436
443195040, -529, 280, 7697, 308, 72, -2812
443205040, -552, -282, 7645, 656, 101, -2507
443215041, -579, -790, 7514, 795, 171, -2567
443225043, -961, -988, 7343, 955, 353, -2945
443235042, -1023, -578, 7352, 1091, 614, -3485
443245040, -753, -287, 7560, 1331, 757, -3702
443255043, -636, -139, 7633, 2034, 625, -3703
443265040, -839, 97, 7765, 2577, 553, -3663
443275044, -857, 557, 7759, 2540, 462, -3569
443285043, -577, 888, 7613, 1803, 384, -3213
443295043, -556, 780, 7624, 628, 423, -2636
443305043, -883, 573, 7643, -35, 384, -2156
443315044, -997, 639, 7561, -195, 379, -1943
443325041, -762, 923, 7788, -95, 521, -1738
443335043, -520, 1262, 8351, 545, 566, -1243
443345043, -540, 1075, 8740, 1021, 363, -485
443355043, -823, 195, 8966, 794, 1, 86
443365044, -796, -639, 8730, 454, -494, 80
443375042, -844, -1107, 8278, -107, -835, -304
443385040, -806, -1168, 7813, -618, -978, -863
443395042, -849, -950, 7387, -828, -953, -1437
443405041, -894, -259, 7238, -1006, -764, -1888
443415043, -647, 641, 7229, -940, -554, -1916
443425040, -486, 1252, 7350, -559, -335, -1425
443435040, -503, 1393, 7549, -193, -189, -638
443445040, -642, 923, 7685, -15, -112, 144
443455043, -648, 236, 7750, -26, -76, 629
443465042, -574, -313, 7828, -103, -81, 784
443475043, -559, -616, 7945, -70, -69, 698
443485041, -613, -654, 8036, 14, -69, 474
443495043, -633, -565, 8049, 3, -97, 230
443505041, -686, -538, 8077, -188, -146, 35
443515043, -704, -669, 8010, -303, -272, -177
443525043, -705, -554, 7715, -356, -352, -486
443535043, -678, -200, 7634, -699, -259, -718
443545043, -477, 305, 7605, -816, -149, -729
443555043, -384, 555, 7741, -931, -93, -373
443565044, -555, 470, 7805, -729, -170, 112
443575042, -581, 347, 7698, -199, -226, 469
443585042, -700, -16, 7679, 112, -123, 652
443595041, -740, -433, 7852, -139, 61, 544
443605040, -555, -668, 8145, -751, 103, 347
443615042, -452, -767, 8267, -1135, -66, 179
443625043, -441, -770, 8126, -1265, -307, 15
443635043, -489, -615, 7901, -1351, -474, -117
443645043, -486, -365, 7643, -1272, -552, -164
443655042, -468, -86, 7432, -904, -531, -90
443665043, -592, 97, 7310, -263, -431, 102
443675040, -658, 56, 7221, 401, -243, 276
443685044, -527, -80, 7273, 657, 15, 379
443695043, -493, -267, 7511, 782, 216, 493
443705044, -529, -385, 7735, 971, 295, 519
443715044, -518, -418, 7847, 900, 290, 484
443725040, -546, -426, 7916, 601, 225, 418
443735044, -480, -330, 7939, 345, 112, 348
443745044, -393, -195, 7854, 261, -2, 344
443755042, -422, -73, 7759, 375, -65, 444
443765041, -682, -106, 7692, 418, -69, 539
443775040, -674, -183, 7696, -226, -4, 459
443785043, -390, -297, 7748, -972, 5, 425
443795044, -442, -380, 7724, -717, -39, 453
443805044, -606, -356, 7525, -219, -95, 406
443815043, -475, -271, 7372, -341, -39, 349
443825041, -477, -207, 7416, -428, 119, 332
443835043, -747, -191, 7549, -81, 226, 278
443845043, -531, -101, 7594, 378, 198, 168
443855043, -442, 13, 7525, 512, 136, 214
443865043, -545, 16, 7407, 373, 108, 393
443875040, -658, 9, 7319, 315, 166, 485
443885041, -617, 148, 7435, 533, 377, 478
443895043, -560, 307, 7637, 855, 547, 574
443905044, -619, 318, 7819, 919, 626, 793
443915040, -670, 89, 8033, 513, 653, 985
443925040, -563, -272, 8139, 161, 550, 1103
443935043, -568, -590, 8073, 369, 372, 1104
443945044, -716, -837, 7954, 537, 257, 964
443955044, -876, -836, 7852, 313, 240, 633
443965040, -784, -639, 7815, -177, 246, 273
443975043, -621, -297, 7800, -383, 228, 99
443985040, -689, 34, 7805, -165, 237, 101
443995043, -694, 223, 7885, -44, 265, 210
444005043, -671, 277, 7927, 30, 271, 428
444015040, -671, -129, 7816, 175, 257, 683
444025040, -582, -419, 7873, 291, 389, 948
444035040, -692, -700, 7971, 578, 409, 962
444045040, -793, -890, 7935, 713, 389, 821
444055040, -710, -965, 7949, 408, 414, 573
444065040, -792, -905, 8068, 102, 436, 332
444075042, -738, -676, 8166, 200, 401, 122
444085043, -774, -411, 8241, 360, 372, 13
444095041, -863, -276, 8328, 361, 307, -48
444105044, -737, -236, 8211, 148, 153, -13
444115043, -669, -312, 8019, 38, 18, 114
444125043, -777, -398, 7795, 293, -39, 149
444135043, -923, -376, 7586, 517, 38, 70
444145043, -936, -298, 7602, 450, 240, -75
444155042, -789, -304, 7778, 40, 426, -174
444165040, -812, -319, 7959, -71, 456, -200
444175044, -828, -203, 8032, 267, 384, -256
444185043, -781, -18, 8070, 434, 352, -273
444195042, -883, 80, 8135, 427, 327, -229
444205043, -925, 107, 8088, 328, 277, -233
444215043, -754, 143, 8202, -77, 266, -221
444225041, -659, 120, 8325, -128, 207, -118
444235043, -773, 75, 8228, 244, 19, 8
444245043, -863, 43, 7960, 254, -137, 92
444255044, -779, 26, 7762, 63, -147, 154
444265040, -826, -49, 7656, 202, -66, 193
444275042, -910, -107, 7721, 172, 55, 128
444285041, -810, -99, 7829, -187, 135, 25
444295043, -770, -5, 7875, -185, 102, -12
444305041, -841, 122, 7818, -6, 27, 37
444315040, -941, 180, 7738, -78, -4, 111
444325043, -843, 192, 7704, -344, 61, 154
444335043, -681, 112, 7787, -506, 112, 281
444345043, -685, -73, 7770, -214, 77, 455
444355041, -763, -275, 7716, 149, 38, 549
444365042, -772, -412, 7731, 138, 81, 523
444375042, -780, -472, 7793, 48, 130, 413
444385042, -730, -463, 7796, 267, 128, 309
444395042, -852, -404, 7797, 481, 120, 259
444405042, -921, -379, 7863, 210, 129, 163
444415042, -774, -380, 7841, -242, 102, 50
444425042, -658, -405, 7781, -160, 79, -6
444435044, -810, -355, 7728, 260, 74, -73
444445043, -887, -185, 7702, 423, 107, -154
444455044, -902, -23, 7836, 393, 198, -201
444465042, -835, 31, 7990, 121, 234, -226
444475042, -772, -10, 8090, -267, 134, -154
444485044, -867, -87, 7994, -235, -60, -68
444495043, -850, -88, 7751, -193, -192, -37
444505043, -929, -30, 7567, -332, -209, -28
444515042, -951, 38, 7373, -400, -151, -31
444525044, -853, 84, 7333, -578, -2, 6
444535040, -793, 52, 7494, -439, 132, 141
444545044, -864, 9, 7576, 110, 156, 263
444555040, -927, -12, 7616, 326, 179, 319
444565041, -910, -51, 7715, 149, 245, 286
444575041, -811, -122, 7813, -55, 280, 285
444585044, -804, -252, 7882, -38, 232, 325
444595042, -833, -342, 7839, 115, 150, 328
444605043, -898, -382, 7737, 148, 126, 282
444615044, -887, -373, 7738, 122, 180, 168
444625040, -804, -291, 7824, 119, 246, 59
444635043, -791, -281, 7893, 226, 250, 51
444645043, -903, -264, 7954, 424, 185, 80
444655043, -1047, -397, 7960, 621, 79, 79
444665043, -919, -427, 7671, 1076, -46, -141
444675044, -953, -153, 7566, 495, 133, -375
444685044, -853, 187, 7999, -731, 339, -370
444695042, -841, 325, 8112, -629, 159, -168
444705044, -906, 325, 7770, -92, -77, 74
444715040, -961, 148, 7613, -250, -37, 253
444725044, -946, -62, 7648, -204, 85, 324
444735043, -1039, -395, 7717, 471, 127, 285
444745043, -938, -514, 7644, 1121, 160, 41
444755043, -931, -338, 7878, 512, 367, -188
444765044, -782, -25, 8242, -209, 409, -229
444775044, -821, 198, 8345, -159, 180, -72
444785044, -905, 181, 8161, -57, -55, 156
444795042, -967, -10, 7978, -415, -131, 306
444805044, -968, -468, 7845, -472, -213, 303
444815044, -879, -581, 7401, 232, -256, 50
444825043, -911, -376, 7296, 176, 18, -179
444835041, -890, -19, 7563, -38, 283, -254
444845043, -944, 235, 7752, 214, 358, -158
444855044, -936, 218, 8072, 177, 412, -65
444865044, -802, 12, 8343, 34, 338, 21